PUMP NAME: SCB_10_150_120_BL
# '.' are mandatory inputs that should be replaced by specifications or the line should be removed. 
# 'nan' are optional input.
# Units for columns are in the order: 
# [V]	[m]	[A]	[L/min]	[W]	[no unit]
voltage	tdh	current	flow	power	efficiency
60	0.0	2.2	34.0	131	0
60	3.5	2.2	30.4	134	13
60	7.0	2.3	26.2	137	22
60	10.6	2.3	21.4	139	27
60	14.1	2.2	15.4	133	27
60	18.3	1.7	0.0	100	0
75	0.0	3.0	42.3	222	0
75	3.5	3.0	39.4	226	10
75	7.0	3.1	36.5	230	18
75	10.6	3.1	32.9	233	24
75	14.1	3.2	29.2	236	28
75	17.6	3.2	25.3	236	31
75	21.1	3.1	19.7	229	30
75	24.6	2.9	12.5	215	23
75	28.9	2.2	0.0	167	0
90	0.0	3.9	51.1	353	0
90	3.5	4.0	48.7	358	8
90	7.0	4.0	46.0	362	15
90	10.6	4.1	43.3	365	20
90	14.1	4.1	40.6	369	25
90	17.6	4.1	37.7	373	29
90	21.1	4.2	34.4	375	32
90	24.6	4.2	30.7	375	33
90	28.2	4.1	26.6	370	33
90	31.7	4.0	21.8	360	31
90	35.2	3.8	15.6	341	26
90	38.7	3.4	8.5	308	17
90	42.3	2.9	0.0	259	0
105	0.0	5.0	59.0	520	0
105	3.5	5.0	57.2	524	6
105	7.0	5.0	55.0	529	12
105	10.6	5.1	52.8	531	17
105	14.1	5.1	50.5	537	22
105	17.6	5.2	48.2	542	26
105	21.1	5.2	45.7	548	29
105	24.6	5.3	42.9	553	31
105	28.2	5.3	40.1	555	33
105	31.7	5.3	37.2	555	35
105	35.2	5.3	33.7	553	35
105	38.7	5.2	30.2	542	35
105	42.3	5.1	26.1	531	34
105	45.8	4.9	21.4	516	31
105	49.3	4.6	15.9	483	26
105	52.8	4.2	9.3	445	18
105	57.0	3.6	0.0	374	0
120	0.0	6.0	66.7	719	0
120	3.5	6.0	64.9	722	5
120	7.0	6.1	63.2	730	10
120	10.6	6.1	61.1	736	14
120	14.1	6.2	59.1	740	18
120	17.6	6.2	57.2	744	22
120	21.1	6.2	55.0	749	25
120	24.6	6.2	52.8	748	28
120	28.2	6.3	50.4	755	31
120	31.7	6.3	47.9	761	33
120	35.2	6.4	45.4	763	34
120	38.7	6.4	42.9	764	35
120	42.3	6.3	40.2	761	36
120	45.8	6.3	37.1	756	37
120	49.3	6.2	33.9	745	37
120	52.8	6.2	30.5	739	36
120	56.3	6.0	26.9	722	34
120	59.9	5.8	22.7	701	32
120	63.4	5.6	17.8	667	28
120	66.9	5.2	12.3	622	22
120	70.4	4.7	6.1	564	12
120	73.2	4.3	0.0	517	0
