PUMP NAME: SCS_12_127_60_BL
# '.' are mandatory inputs that should be replaced by specifications or the line should be removed. 
# 'nan' are optional input.
# Units for columns are in the order: 
# [V]	[m]	[A]	[L/min]	[W]	[no unit]
voltage	tdh	current	flow	power	efficiency
30	0.0	4.7	44	140	0
30	3.5	4.8	40	143	16
30	7.0	4.7	34	141	27
30	10.6	4.5	26	134	34
30	14.1	3.9	16	118	32
30	17.6	2.7	0	82	0
45	0.0	8.3	65	371	0
45	3.5	8.2	62	371	10
45	7.0	8.2	58	369	18
45	10.6	8.2	54	369	25
45	14.1	8.1	50	366	31
45	17.6	7.9	45	355	36
45	21.1	7.7	40	347	40
45	24.6	7.4	33	331	41
45	28.2	6.4	25	286	40
45	31.7	5.8	13	261	25
45	35.2	4.5	0	200	0
60	0.0	12.5	83	749	0
60	3.5	12.5	81	749	6
60	7.0	12.5	78	751	12
60	10.6	12.5	75	751	17
60	14.1	12.5	72	749	22
60	17.6	12.5	69	748	27
60	21.1	12.4	66	743	31
60	24.6	12.3	62	739	34
60	28.2	12.2	59	731	37
60	31.7	12.1	55	723	39
60	35.2	11.7	50	701	41
60	38.7	11.4	45	681	42
60	42.3	11.0	40	658	42
60	45.8	10.5	33	627	40
60	49.3	9.7	25	580	34
60	52.8	8.6	14	514	23
60	56.3	6.5	0	388	0
