PUMP NAME: SCS_50_110_240_BL
# '.' are mandatory inputs that should be replaced by specifications or the line should be removed. 
# 'nan' are optional input.
# Units for columns are in the order: 
# [V]	[m]	[A]	[L/min]	[W]	[no unit]
voltage	tdh	current	flow	power	efficiency
180	0.0	4.83	232.0	869	0
180	7.0	5.48	205.9	986	24
180	14.1	5.75	174.1	1035	39
180	17.6	5.83	156.3	1049	43
180	21.1	5.75	134.4	1035	45
180	24.6	5.51	107.9	992	44
180	28.2	4.84	67.8	871	36
180	33.1	3.54	0.0	637	0
195	0.0	5.36	249.8	1045	0
195	7.0	6.04	226.0	1178	22
195	14.1	6.39	198.3	1246	37
195	21.1	6.50	164.3	1268	45
195	28.2	6.15	117.3	1199	45
195	31.7	5.61	85.5	1094	40
195	35.2	4.87	46.6	950	28
195	38.7	3.90	0.0	761	0
210	0.0	6.11	269.5	1283	0
210	7.0	6.84	248.3	1436	20
210	14.1	7.21	224.1	1514	34
210	21.1	7.40	195.3	1554	43
210	28.2	7.40	160.1	1554	47
210	35.2	6.87	108.3	1443	43
210	38.7	6.16	74.6	1294	36
210	42.3	5.40	33.3	1134	20
210	45.1	4.41	0.0	926	0
225	0.0	6.68	288.0	1503	0
225	7.0	7.47	267.2	1681	18
225	14.1	7.84	244.9	1764	32
225	21.1	8.10	219.2	1823	41
225	28.2	8.19	189.3	1843	47
225	35.2	7.92	149.9	1782	48
225	42.3	6.92	98.8	1557	44
225	45.8	6.21	65.5	1397	35
225	51.4	4.82	0.0	1085	0
240	0.0	7.39	306.2	1774	0
240	7.0	8.11	286.5	1946	17
240	14.1	8.55	265.7	2052	30
240	21.1	8.87	242.6	2129	39
240	28.2	9.08	216.5	2179	46
240	35.2	9.08	184.7	2179	49
240	42.3	8.66	144.2	2078	48
240	49.3	7.52	90.5	1805	40
240	52.8	6.86	57.2	1646	30
240	56.3	5.95	23.1	1428	15
240	58.5	5.39	0.0	1294	0
