PUMP NAME: SCS_30_240_240_BL
PRICE: 2028
# '.' are mandatory inputs that should be replaced by specifications or the line should be removed. 
# 'nan' are optional input.
# Units for columns are in the order: 
# [V]	[m]	[A]	[L/min]	[W]	[no unit]
voltage	tdh	current	flow	power	efficiency
180	0.0	5.7	144.2	1019	0
180	14.1	6.2	129.1	1116	27
180	28.2	6.9	111.3	1233	42
180	42.3	7.2	89.3	1291	48
180	56.3	6.7	56.1	1197	43
180	70.4	4.7	0.0	841	0
195	0.0	6.3	155.5	1227	0
195	14.1	6.9	141.4	1336	24
195	28.2	7.5	125.4	1466	39
195	42.3	8.0	107.5	1552	48
195	56.3	8.0	81.4	1552	48
195	70.4	6.9	45.8	1351	39
195	82.4	5.3	0.0	1024	0
210	0.0	7.1	168.1	1485	0
210	14.1	7.7	154.2	1615	22
210	28.2	8.4	140.0	1760	37
210	42.3	9.0	124.1	1880	46
210	56.3	9.2	104.5	1936	50
210	70.4	8.9	75.5	1869	46
210	84.5	7.8	34.4	1628	29
210	91.6	6.6	6.4	1386	7
210	93.0	6.1	0.0	1289	0
225	0.0	7.9	179.0	1771	0
225	14.1	8.4	166.5	1890	20
225	28.2	9.1	153.1	2048	34
225	42.3	9.7	138.2	2185	44
225	56.3	10.1	121.0	2268	49
225	70.4	10.2	99.1	2293	50
225	84.5	9.5	68.5	2142	44
225	98.6	8.0	25.9	1805	23
225	105.6	7.0	2.4	1571	3
225	106.3	6.8	0.0	1535	0
240	0.0	8.6	189.6	2069	0
240	14.1	9.2	178.3	2196	19
240	28.2	9.9	165.5	2364	32
240	42.3	10.5	151.7	2527	41
240	56.3	11.0	136.7	2650	47
240	70.4	11.3	117.3	2702	50
240	84.5	11.1	92.4	2669	48
240	98.6	10.2	58.7	2448	39
240	112.7	8.7	18.2	2093	16
240	118.3	7.8	0.0	1860	0
