PUMP NAME: SCS_45_116_180_BL
# '.' are mandatory inputs that should be replaced by specifications or the line should be removed. 
# 'nan' are optional input.
# Units for columns are in the order: 
# [V]	[m]	[A]	[L/min]	[W]	[no unit]
voltage	tdh	current	flow	power	efficiency
120	0.0	5.0	206.3	601	0
120	3.5	5.5	193.0	659	17
120	7.0	5.8	177.5	692	29
120	10.6	6.0	159.7	715	39
120	14.1	6.0	138.9	721	44
120	17.6	6.0	114.7	714	46
120	21.1	5.4	85.2	652	45
120	24.6	4.6	45.8	546	34
120	28.2	3.6	0.0	437	0
135	0.0	6.0	230.1	806	0
135	3.5	6.5	218.0	876	14
135	7.0	6.8	204.8	917	26
135	10.6	7.0	190.4	946	35
135	14.1	7.2	174.5	972	41
135	17.6	7.3	155.9	979	46
135	21.1	7.2	135.1	973	48
135	24.6	6.9	107.9	933	47
135	28.2	6.3	76.5	844	42
135	31.7	5.3	39.0	711	28
135	34.5	4.4	0.0	594	0
150	0.0	7.0	249.4	1047	0
150	3.5	7.2	238.5	1073	13
150	7.0	7.8	227.5	1163	22
150	10.6	8.0	214.6	1196	31
150	14.1	8.2	200.6	1232	37
150	17.6	8.3	185.5	1247	43
150	21.1	8.3	169.6	1248	47
150	24.6	8.3	150.3	1247	49
150	28.2	8.0	126.8	1206	48
150	31.7	7.6	99.2	1136	45
150	35.2	6.8	65.9	1019	37
150	38.7	5.9	27.3	878	20
150	40.8	5.1	0.0	767	0
165	0.0	8.3	271.8	1363	0
165	3.5	8.4	262.7	1381	11
165	7.0	9.0	252.5	1492	19
165	10.6	9.3	241.9	1533	27
165	14.1	9.5	230.1	1569	34
165	17.6	9.7	217.6	1599	39
165	21.1	9.8	203.3	1619	43
165	24.6	9.9	187.4	1629	46
165	28.2	9.9	170.3	1629	48
165	31.7	9.7	150.3	1597	49
165	35.2	9.4	125.7	1548	47
165	38.7	8.8	99.2	1457	43
165	42.3	8.1	67.4	1332	35
165	45.8	7.1	33.3	1175	21
165	48.6	6.0	0.0	985	0
180	0.0	9.2	296.0	1661	0
180	3.5	9.3	286.9	1681	10
180	7.0	10.0	277.1	1802	18
180	10.6	10.3	267.2	1854	25
180	14.1	10.6	256.2	1901	31
180	17.6	10.8	244.9	1940	36
180	21.1	11.0	232.8	1973	41
180	24.6	11.0	219.2	1987	44
180	28.2	11.2	205.1	2012	47
180	31.7	11.2	188.9	2018	48
180	35.2	11.1	171.1	1994	49
180	38.7	10.9	151.8	1966	49
180	42.3	10.5	127.6	1888	47
180	45.8	9.8	102.2	1759	43
180	49.3	9.2	72.7	1647	36
180	52.8	8.3	40.5	1496	23
180	57.0	6.9	0.0	1242	0
